lastAccountName: GxG
timestamps:
  login: 1583956208731
  logout: 1583956301115
ipAddress: 127.0.0.1
logoutlocation:
  world: world
  x: -213.69999998807907
  y: 61.0
  z: 251.15704927038442
  yaw: 180.7219
  pitch: -10.349997
